t	y
0.0	32.618152227249254
0.03355704697986577	34.270317312744844
0.06711409395973154	19.972694496095077
0.10067114093959731	32.57845353138617
0.1342281879194631	9.876864660132648
0.16778523489932887	29.676855734913808
0.20134228187919462	5.312959246410869
0.2348993288590604	4.403473896564295
0.2684563758389262	32.29293811303412
0.30201342281879195	17.52798791515441
0.33557046979865773	3.9990180555302306
0.3691275167785235	15.32410264539718
0.40268456375838924	34.33426399968683
0.436241610738255	11.343045226243897
0.4697986577181208	0.7962853241353492
0.5033557046979866	23.413012578773596
0.5369127516778524	30.50638626449132
0.5704697986577181	11.077172022577471
0.6040268456375839	29.1381991782115
0.6375838926174496	24.040292923225067
0.6711409395973155	5.496316275142611
0.7046979865771812	32.57441413734435
0.738255033557047	4.725095594226566
0.7718120805369127	6.223812037881479
0.8053691275167785	23.129797061853946
0.8389261744966443	22.043405910840853
0.87248322147651	28.032646955599155
0.9060402684563759	1.0282918547749065
0.9395973154362416	34.1092353259961
0.9731543624161074	12.648137379524517
1.0067114093959733	2.2100472238503843
1.0402684563758389	13.673154974666069
1.0738255033557047	26.96327244400107
1.1073825503355705	19.582452199625198
1.1409395973154361	30.13305019966389
1.174496644295302	30.9803010020158
1.2080536912751678	11.396939849959189
1.2416107382550337	19.079107281132096
1.2751677852348993	26.04916350699735
1.308724832214765	19.69653400775402
1.342281879194631	27.6109664053361
1.3758389261744965	29.584915212378597
1.4093959731543624	19.76564205902568
1.4429530201342282	18.41346320541526
1.476510067114094	9.33402734010119
1.5100671140939597	21.293154213458298
1.5436241610738255	26.296795750910558
1.5771812080536913	31.646839702418514
1.610738255033557	32.45310309463675
1.6442953020134228	26.43046227921104
1.6778523489932886	13.1284844814244
1.7114093959731544	28.08590068225089
1.74496644295302	7.393213526069248
1.778523489932886	14.368698330683486
1.8120805369127517	32.860503200463285
1.8456375838926176	30.45670007310541
1.8791946308724832	2.357928821866528
1.912751677852349	7.544497944498924
1.9463087248322148	30.79410915489494
1.9798657718120805	5.840245049464049
2.0134228187919465	30.490782620791496
2.046979865771812	29.796159002044558
2.0805369127516777	18.863500822515753
2.1140939597315436	29.49048082563576
2.1476510067114094	2.0635983378324116
2.1812080536912752	2.00535119419156
2.214765100671141	13.37759857843425
2.248322147651007	26.629284110519922
2.2818791946308723	16.518245250563808
2.315436241610738	7.16600087080241
2.348993288590604	31.04191698150146
2.38255033557047	22.83705437574351
2.4161073825503356	21.327449523983876
2.4496644295302015	23.505717407335922
2.4832214765100673	19.60577119733619
2.5167785234899327	30.9597421039297
2.5503355704697985	11.167205873270452
2.5838926174496644	5.012999440543467
2.61744966442953	12.660871374167554
2.651006711409396	20.813270208578494
2.684563758389262	23.026937334503078
2.7181208053691277	34.35178902131554
2.751677852348993	18.374437057904366
2.785234899328859	19.382632302354185
2.8187919463087248	1.3001442309723736
2.8523489932885906	18.55222404809379
2.8859060402684564	9.010669235218204
2.9194630872483223	1.0870951008004415
2.953020134228188	0.9394419020947159
2.9865771812080535	20.036338103380835
3.0201342281879193	32.87357541789861
3.053691275167785	9.164120348985442
3.087248322147651	27.02158038527907
3.120805369127517	22.260594755041932
3.1543624161073827	2.9931501181917177
3.1879194630872485	5.28145893580371
3.221476510067114	26.557979422295677
3.2550335570469797	13.383848232638984
3.2885906040268456	22.683811934917337
3.3221476510067114	17.885888026602178
3.3557046979865772	21.828463691256747
3.389261744966443	1.8564814358947808
3.422818791946309	11.910998693009876
3.4563758389261747	33.43608511276403
3.48993288590604	31.026747311297065
3.523489932885906	8.624350438914348
3.557046979865772	16.683962157106198
3.5906040268456376	19.12952622832049
3.6241610738255035	12.86667517528173
3.6577181208053693	16.594069815166332
3.691275167785235	27.099844152187174
3.7248322147651005	12.27188832692687
3.7583892617449663	32.9803357792029
3.791946308724832	20.025039827249685
3.825503355704698	3.4696571452483567
3.859060402684564	6.4412433076844
3.8926174496644297	10.387626829089015
3.9261744966442955	19.417479150090376
3.959731543624161	5.349313697872475
3.9932885906040267	34.69436051118914
4.026845637583893	15.786926811578914
4.060402684563758	18.824188406767437
4.093959731543624	31.353313198451968
4.12751677852349	26.367022394369545
4.1610738255033555	6.082296300110958
4.194630872483222	32.828252996803144
4.228187919463087	14.497766786648416
4.261744966442953	17.464534588006313
4.295302013422819	18.15613441067127
4.328859060402684	20.87088747056226
4.3624161073825505	20.766326075692785
4.395973154362416	24.809945080201594
4.429530201342282	7.1630855384797565
4.4630872483221475	28.805031648317268
4.496644295302014	22.254662166892103
4.530201342281879	6.5567233677665
4.563758389261745	21.72136512026274
4.597315436241611	9.844556368151979
4.630872483221476	6.850224055137547
4.6644295302013425	0.2677903624094363
4.697986577181208	7.4828729513916405
4.731543624161074	14.53861707372359
4.76510067114094	13.63835860845681
4.798657718120805	31.96666971292961
4.832214765100671	24.239751254671972
4.865771812080537	27.845810945990277
4.899328859060403	31.52333375761203
4.932885906040268	17.598180468161015
4.966442953020135	4.430681975615408
5.0	34.398491934225696
